mAP: 0.525758
mIoU: 0.554862
