mAP: 0.615639
mIoU: 0.568199
