mAP: 0.628473
mIoU: 0.910778
