mAP: 0.289194
mIoU: 0.543101
