mAP: 0.475758
mIoU: 0.916834
