mAP: 0.643079
mIoU: 0.947261
