mAP: 0.534026
mIoU: 0.537286
