mAP: 0.569975
mIoU: 0.746837
