mAP: 0.801537
mIoU: 0.603587
