mAP: 0.809418
mIoU: 0.665655
