mAP: 0.630246
mIoU: 0.601667
