mAP: 0.575906
mIoU: 0.943465
