mAP: 0.298389
mIoU: 0.749932
