mAP: 0.30338
mIoU: 0.656763
