mAP: 0.580159
mIoU: 0.940461
