mAP: 0.488667
mIoU: 0.882044
