mAP: 0.51907
mIoU: 0.81643
