mAP: 0.441558
mIoU: 0.912943
