mAP: 0.648169
mIoU: 0.55416
