mAP: 0.495671
mIoU: 0.891324
